customer_id,customer_name,phone_no,email_id,payment_details
100,Kaitlin Allison,(363) 616-6514,Donec.est@ante.org,4539 4887 6080 3303
101,Hedley Clark,(824) 186-3345,eu.dolor@loremipsum.edu,471 66637 51124 795
102,Keegan Fowler,(590) 734-2966,felis.Donec@imperdiet.org,4024007108786
103,Sheila Stanton,(574) 497-7920,purus@nasceturridiculusmus.co.uk,4556 0300 5386 0208
104,Finn Blair,(424) 836-8962,metus@arcuetpede.org,4929 901 01 2555
105,Quemby Moss,(199) 892-4242,accumsan.interdum@etmagnisdis.net,471603 5740092955
106,Josephine Stewart,(241) 370-9953,sed.turpis.nec@arcu.ca,4916649058453
107,Geraldine Banks,(272) 994-8726,lectus@dolorsit.co.uk,4539860155905
108,Zenaida Preston,(678) 589-6518,sed.libero@Nunc.edu,471670 4337307163
109,Deirdre Stein,(156) 680-6627,volutpat@at.ca,453225 123691 8080
110,Leo Collier,(292) 840-2470,et.magnis@semmolestie.ca,4556 359 29 2064
111,Alisa Underwood,(963) 258-7370,quam.vel@ornarelectus.com,4532 409 83 1847
112,Ciaran Mcdonald,(440) 286-9695,Pellentesque.habitant@metusvitae.net,4929501314965036
113,Whilemina Mcmillan,(514) 591-9306,libero.Proin@estmaurisrhoncus.ca,4916 3549 2426 9786
114,Sylvester Simmons,(620) 947-8812,sed.leo.Cras@risus.co.uk,4916100000638513
115,Jarrod Mayer,(123) 657-0105,ligula.Donec@vitaesodales.com,448 50766 30788 053
116,Devin Frye,(311) 837-6444,Sed@eleifendnec.ca,4916 0498 2384 9544
117,Logan Atkinson,(700) 502-1522,massa@veliteusem.edu,491653 553236 9352
118,Kelsey Patrick,(396) 518-2965,egestas.a@sodalesnisi.com,402400 711148 5826
119,Garrett Sullivan,(728) 103-2994,Aliquam.tincidunt@molestietortor.org,4916 091 29 1909
120,Paki Gray,(975) 761-5317,enim.Curabitur.massa@Donecdignissim.ca,4916 2772 1037 7197
121,Hayes Albert,(334) 342-4644,dui.nec@arcuacorci.com,4354752172643926
122,Iola Flowers,(310) 334-1246,enim@porttitoreros.edu,4556 624 11 7732
123,Roary Mcclain,(951) 937-4409,velit@Nullamlobortisquam.com,4024 007 13 8676
124,Daryl Carpenter,(173) 437-7260,Vivamus.euismod@eu.com,4518 828 76 1103
125,Lillian Stephens,(453) 727-6497,Proin.velit@diam.edu,4024007109461
126,Jamal Blevins,(992) 404-3200,odio.tristique.pharetra@vitaeodiosagittis.co.uk,491637 6552442468
127,Laura Vega,(743) 664-7534,nulla.In@pedemalesuada.ca,4556699336209
128,Thaddeus Chang,(722) 787-5181,litora@interdum.net,4532 4207 5097 4155
129,Macaulay Hernandez,(877) 170-2639,Nulla@enimEtiamgravida.co.uk,4532468926491687
130,Denton Dawson,(370) 370-8119,morbi.tristique.senectus@etnetuset.co.uk,4532303182291663
131,Allen Meyer,(394) 979-7627,Nam.ligula@luctus.com,448 52771 67998 723
132,Francesca Fry,(289) 540-8368,dolor@lacusEtiam.ca,4556616102759
133,Caldwell Porter,(423) 939-7933,velit.Sed.malesuada@interdumNuncsollicitudin.net,471 63828 28636 216
134,Slade Deleon,(773) 806-7681,malesuada.vel.convallis@Sedid.edu,4532203054588
135,Theodore Warren,(199) 792-8123,Aenean.eget.magna@eleifend.com,4024 007 17 4416
136,Coby Marsh,(621) 800-8901,dui.Fusce.aliquam@adipiscing.co.uk,4929 5519 5512 1738
137,Curran Perkins,(157) 473-9301,lobortis.nisi@nunc.net,4485212629033
138,Linda Leblanc,(140) 785-1426,ipsum.Curabitur.consequat@Fuscemi.com,4556077145958
139,Colin Tucker,(579) 792-9137,nulla.ante.iaculis@arcuiaculisenim.com,4485537739137
140,Lillian Hampton,(372) 554-3282,porttitor.tellus@nequetellusimperdiet.com,4532729277408
141,Ryan Rios,(251) 217-9874,a@eget.com,471 68507 23766 452
142,Charity Melendez,(172) 715-1751,nisl.elementum.purus@nec.com,4485 856 63 1774
143,Sacha Mullen,(275) 978-6164,sapien.molestie.orci@disparturient.ca,455 69532 93169 181
144,Mercedes Morrison,(819) 906-1762,posuere@Vivamus.edu,4916815865954
145,Ignatius Hood,(833) 297-9630,ipsum.nunc.id@justonecante.org,4539 6581 0627 0207
146,Dora Haney,(453) 548-5113,mus.Aenean.eget@eleifend.com,4556692900993
147,Maxwell Morrison,(756) 644-5202,hendrerit@fringillaDonec.ca,455 60056 12002 047
148,Indigo Crosby,(361) 509-0876,sagittis.placerat@vitaedolorDonec.com,453944 7888725574
149,Shad Moss,(383) 614-5494,In.tincidunt@a.org,4916959470645
150,Athena Howe,(544) 682-8186,et.magnis@diamatpretium.ca,4929202762660522
151,John Castillo,(249) 227-6159,vulputate.dui@nisiAeneaneget.org,4532686593029
152,Warren Hancock,(828) 866-2704,Praesent@mattissemperdui.edu,4929087785537
153,Ainsley Gamble,(574) 979-0038,a.scelerisque@utmi.co.uk,471647 282484 3955
154,Charity Matthews,(490) 474-0649,non.cursus.non@egestas.co.uk,471635 148696 3436
155,Maxine Donovan,(757) 136-7795,scelerisque.mollis@venenatislacusEtiam.com,482881 4686400702
156,Charissa Turner,(574) 127-8107,ridiculus.mus@erat.edu,4539598176405
157,Trevor Wooten,(486) 445-7877,amet.diam@sedsapienNunc.edu,4716260282378
158,Ina Bartlett,(332) 610-2751,eu.sem.Pellentesque@pede.edu,4556 868 87 3875
159,Debra Mercado,(509) 379-4106,vitae.aliquet.nec@ipsumac.net,4539887253600
160,Deanna Cole,(406) 835-7313,Etiam.gravida@sitametrisus.ca,4485187350391
161,Derek Mccall,(712) 609-3163,blandit.congue@In.edu,4024 0071 8576 2688
162,Ezekiel Sims,(936) 123-4165,molestie.in@maurisaliquameu.edu,4376 644 39 5279
163,Dakota Bray,(501) 388-3708,euismod@sed.net,4556 631 06 1014
164,Idona Buckley,(449) 546-4474,hymenaeos.Mauris@erosnon.ca,491683 161920 7155
165,Gwendolyn Sanchez,(586) 808-2100,sit.amet.consectetuer@sociisnatoquepenatibus.net,467 28616 69598 140
166,Kimberly Eaton,(399) 777-7407,nascetur.ridiculus.mus@eu.edu,4751244211874323
167,Cairo Randolph,(776) 445-0991,Nulla@egestasligula.ca,4716 4731 2417 9611
168,Tana Terry,(396) 912-3481,Pellentesque@imperdietnecleo.org,4929020094740
169,Josephine Bradford,(103) 364-4153,tristique@arcuet.com,4024 007 16 9218
170,Bernard Vasquez,(613) 490-4595,purus@ad.ca,4485396905173553
171,Xander Griffin,(980) 403-3307,lacus@dis.org,4929 900 22 4714
172,Kiayada Downs,(317) 543-3753,luctus@mi.edu,4929805061401
173,Kyle Riley,(476) 232-6297,Donec.tempus@nislNulla.org,4556816623471
174,Joshua Bass,(321) 971-0616,dis.parturient.montes@purus.net,4024007142918
175,Stacy Workman,(169) 154-1200,convallis.est.vitae@nonummyut.edu,4024 0071 9079 9147
176,Devin Rivas,(571) 723-6962,amet.faucibus.ut@turpis.ca,4223 660 98 1113
177,Yuli Mills,(239) 971-8354,magnis.dis@NullafacilisiSed.co.uk,4485505433838
178,Adria Hines,(949) 893-6385,euismod.enim.Etiam@convallis.org,4556644281518
179,Mallory Campos,(136) 730-2873,arcu.eu@feugiat.org,4279 539 30 1073
180,Meghan Callahan,(282) 535-6498,non.dui.nec@quis.com,4909 732 45 4960
181,Nissim Boyd,(934) 384-2229,et.commodo.at@et.net,453973 840065 0641
182,Riley Nash,(620) 924-8956,aliquam.eros@tinciduntaliquam.edu,4106500724522
183,Silas Moss,(815) 320-9770,taciti.sociosqu@luctusCurabituregestas.net,4916011972869
184,David Lester,(935) 638-3050,pharetra@sociisnatoque.net,4916 313 48 5693
185,Hector Chang,(370) 881-0285,laoreet.posuere.enim@nonegestas.ca,471694 1139757043
186,Piper Deleon,(746) 992-0103,lorem.eget@neque.net,4556 337 92 8599
187,Regan Ross,(345) 510-7697,erat.volutpat@Cum.co.uk,4716 417 77 5373
188,Shafira Ford,(912) 934-2468,Nullam.vitae@consequatenim.net,4232 013 87 3505
189,Regina Downs,(936) 559-2504,nostra.per@conubianostra.org,471640 4770741743
190,Luke Mcknight,(888) 633-9059,ornare.lectus@dui.net,4556 8482 3519 0388
191,John Mayo,(861) 923-9296,senectus.et@vitae.com,4098611391152
192,Owen Cooley,(425) 171-1952,erat.nonummy@viverraMaecenasiaculis.org,4539 230 70 4648
193,Dahlia Shaw,(868) 562-2366,lacus@Donecfeugiatmetus.edu,4929 5841 1855 7936
194,Octavius Kidd,(471) 856-3870,Integer.tincidunt@Proinvelarcu.net,4532 965 62 6631
195,Brynn Freeman,(299) 926-7851,enim.mi@musAeneaneget.co.uk,448574 4905599378
196,Isaac Newman,(450) 633-2488,elit.pede.malesuada@maurisMorbinon.net,4539315581481193
197,Deirdre Stanton,(568) 302-9965,Integer.mollis@Maurismagna.org,4716 953 93 9524
198,Hanae Mcpherson,(169) 806-7833,ullamcorper@vestibulummassa.ca,4716 8584 6436 2449
199,Rhona Dennis,(809) 777-6800,ante@a.edu,4024 007 19 3507
